{
 "cells": [
  {
   "cell_type": "markdown",
   "id": "declared-thumbnail",
   "metadata": {},
   "source": [
    "# Agrupamento com C-means (Fuzzy):\n",
    "* Agrupamento Suave\n",
    "* Agrupamento em forma de associação não absoluta, de maneira percentual"
   ]
  },
  {
   "cell_type": "code",
   "execution_count": 2,
   "id": "boring-audio",
   "metadata": {},
   "outputs": [],
   "source": [
    "library(factoextra)\n",
    "library(e1071)\n",
    "library(RColorBrewer)"
   ]
  },
  {
   "cell_type": "markdown",
   "id": "aging-firewall",
   "metadata": {},
   "source": [
    "## Cluster Fuzzy"
   ]
  },
  {
   "cell_type": "code",
   "execution_count": 4,
   "id": "saving-browser",
   "metadata": {},
   "outputs": [
    {
     "data": {
      "text/html": [
       "<table class=\"dataframe\">\n",
       "<caption>A matrix: 150 × 3 of type dbl</caption>\n",
       "<thead>\n",
       "\t<tr><th scope=col>1</th><th scope=col>2</th><th scope=col>3</th></tr>\n",
       "</thead>\n",
       "<tbody>\n",
       "\t<tr><td>0.0010720472</td><td>0.9966236</td><td>0.0023043727</td></tr>\n",
       "\t<tr><td>0.0074975446</td><td>0.9758542</td><td>0.0166483003</td></tr>\n",
       "\t<tr><td>0.0064143186</td><td>0.9798270</td><td>0.0137587106</td></tr>\n",
       "\t<tr><td>0.0101069937</td><td>0.9674296</td><td>0.0224634258</td></tr>\n",
       "\t<tr><td>0.0017679405</td><td>0.9944704</td><td>0.0037616662</td></tr>\n",
       "\t<tr><td>0.0206187321</td><td>0.9345776</td><td>0.0448037073</td></tr>\n",
       "\t<tr><td>0.0065042444</td><td>0.9794928</td><td>0.0140029981</td></tr>\n",
       "\t<tr><td>0.0001411974</td><td>0.9995473</td><td>0.0003115107</td></tr>\n",
       "\t<tr><td>0.0219014194</td><td>0.9303839</td><td>0.0477147293</td></tr>\n",
       "\t<tr><td>0.0053412560</td><td>0.9827242</td><td>0.0119345643</td></tr>\n",
       "\t<tr><td>0.0102005498</td><td>0.9680438</td><td>0.0217556323</td></tr>\n",
       "\t<tr><td>0.0024309018</td><td>0.9921378</td><td>0.0054313368</td></tr>\n",
       "\t<tr><td>0.0091767188</td><td>0.9706420</td><td>0.0201813033</td></tr>\n",
       "\t<tr><td>0.0252350383</td><td>0.9229736</td><td>0.0517913834</td></tr>\n",
       "\t<tr><td>0.0376304616</td><td>0.8897629</td><td>0.0726066026</td></tr>\n",
       "\t<tr><td>0.0543041227</td><td>0.8413506</td><td>0.1043452731</td></tr>\n",
       "\t<tr><td>0.0174949771</td><td>0.9469275</td><td>0.0355775343</td></tr>\n",
       "\t<tr><td>0.0010587846</td><td>0.9966528</td><td>0.0022884406</td></tr>\n",
       "\t<tr><td>0.0303066248</td><td>0.9041402</td><td>0.0655531447</td></tr>\n",
       "\t<tr><td>0.0066534139</td><td>0.9791899</td><td>0.0141566395</td></tr>\n",
       "\t<tr><td>0.0095397057</td><td>0.9686067</td><td>0.0218536152</td></tr>\n",
       "\t<tr><td>0.0047936707</td><td>0.9848337</td><td>0.0103726516</td></tr>\n",
       "\t<tr><td>0.0138324677</td><td>0.9586594</td><td>0.0275081102</td></tr>\n",
       "\t<tr><td>0.0061109530</td><td>0.9794294</td><td>0.0144596477</td></tr>\n",
       "\t<tr><td>0.0098374722</td><td>0.9669220</td><td>0.0232405518</td></tr>\n",
       "\t<tr><td>0.0079728860</td><td>0.9735702</td><td>0.0184568714</td></tr>\n",
       "\t<tr><td>0.0015730850</td><td>0.9948461</td><td>0.0035808195</td></tr>\n",
       "\t<tr><td>0.0020866549</td><td>0.9933486</td><td>0.0045647835</td></tr>\n",
       "\t<tr><td>0.0019959185</td><td>0.9936762</td><td>0.0043278713</td></tr>\n",
       "\t<tr><td>0.0062821417</td><td>0.9795178</td><td>0.0142000210</td></tr>\n",
       "\t<tr><td>...</td><td>...</td><td>...</td></tr>\n",
       "\t<tr><td>0.9704950</td><td>0.003824347</td><td>0.02568069</td></tr>\n",
       "\t<tr><td>0.2593218</td><td>0.033636049</td><td>0.70704212</td></tr>\n",
       "\t<tr><td>0.7832431</td><td>0.041958877</td><td>0.17479804</td></tr>\n",
       "\t<tr><td>0.3813231</td><td>0.022797874</td><td>0.59587901</td></tr>\n",
       "\t<tr><td>0.9753479</td><td>0.002912599</td><td>0.02173954</td></tr>\n",
       "\t<tr><td>0.9119633</td><td>0.012900381</td><td>0.07513630</td></tr>\n",
       "\t<tr><td>0.2711415</td><td>0.020972708</td><td>0.70788574</td></tr>\n",
       "\t<tr><td>0.3298950</td><td>0.023086548</td><td>0.64701848</td></tr>\n",
       "\t<tr><td>0.9085953</td><td>0.008360365</td><td>0.08304431</td></tr>\n",
       "\t<tr><td>0.8908272</td><td>0.014440992</td><td>0.09473184</td></tr>\n",
       "\t<tr><td>0.8728069</td><td>0.019777814</td><td>0.10741526</td></tr>\n",
       "\t<tr><td>0.7601425</td><td>0.050890618</td><td>0.18896687</td></tr>\n",
       "\t<tr><td>0.9061628</td><td>0.008958446</td><td>0.08487871</td></tr>\n",
       "\t<tr><td>0.4362835</td><td>0.023387851</td><td>0.54032862</td></tr>\n",
       "\t<tr><td>0.5760140</td><td>0.031184340</td><td>0.39280164</td></tr>\n",
       "\t<tr><td>0.8396089</td><td>0.028650708</td><td>0.13174037</td></tr>\n",
       "\t<tr><td>0.8540528</td><td>0.017226783</td><td>0.12872039</td></tr>\n",
       "\t<tr><td>0.8800749</td><td>0.009787134</td><td>0.11013792</td></tr>\n",
       "\t<tr><td>0.2282887</td><td>0.021717580</td><td>0.74999369</td></tr>\n",
       "\t<tr><td>0.9675363</td><td>0.003490042</td><td>0.02897362</td></tr>\n",
       "\t<tr><td>0.9572457</td><td>0.005076427</td><td>0.03767788</td></tr>\n",
       "\t<tr><td>0.8550816</td><td>0.015402981</td><td>0.12951546</td></tr>\n",
       "\t<tr><td>0.3550253</td><td>0.029294257</td><td>0.61568040</td></tr>\n",
       "\t<tr><td>0.9610445</td><td>0.005245095</td><td>0.03371036</td></tr>\n",
       "\t<tr><td>0.9271306</td><td>0.009698302</td><td>0.06317112</td></tr>\n",
       "\t<tr><td>0.8823059</td><td>0.011264971</td><td>0.10642908</td></tr>\n",
       "\t<tr><td>0.4665685</td><td>0.025795864</td><td>0.50763561</td></tr>\n",
       "\t<tr><td>0.8313567</td><td>0.012117972</td><td>0.15652528</td></tr>\n",
       "\t<tr><td>0.7893328</td><td>0.021583660</td><td>0.18908352</td></tr>\n",
       "\t<tr><td>0.3911930</td><td>0.026917567</td><td>0.58188942</td></tr>\n",
       "</tbody>\n",
       "</table>\n"
      ],
      "text/latex": [
       "A matrix: 150 × 3 of type dbl\n",
       "\\begin{tabular}{lll}\n",
       " 1 & 2 & 3\\\\\n",
       "\\hline\n",
       "\t 0.0010720472 & 0.9966236 & 0.0023043727\\\\\n",
       "\t 0.0074975446 & 0.9758542 & 0.0166483003\\\\\n",
       "\t 0.0064143186 & 0.9798270 & 0.0137587106\\\\\n",
       "\t 0.0101069937 & 0.9674296 & 0.0224634258\\\\\n",
       "\t 0.0017679405 & 0.9944704 & 0.0037616662\\\\\n",
       "\t 0.0206187321 & 0.9345776 & 0.0448037073\\\\\n",
       "\t 0.0065042444 & 0.9794928 & 0.0140029981\\\\\n",
       "\t 0.0001411974 & 0.9995473 & 0.0003115107\\\\\n",
       "\t 0.0219014194 & 0.9303839 & 0.0477147293\\\\\n",
       "\t 0.0053412560 & 0.9827242 & 0.0119345643\\\\\n",
       "\t 0.0102005498 & 0.9680438 & 0.0217556323\\\\\n",
       "\t 0.0024309018 & 0.9921378 & 0.0054313368\\\\\n",
       "\t 0.0091767188 & 0.9706420 & 0.0201813033\\\\\n",
       "\t 0.0252350383 & 0.9229736 & 0.0517913834\\\\\n",
       "\t 0.0376304616 & 0.8897629 & 0.0726066026\\\\\n",
       "\t 0.0543041227 & 0.8413506 & 0.1043452731\\\\\n",
       "\t 0.0174949771 & 0.9469275 & 0.0355775343\\\\\n",
       "\t 0.0010587846 & 0.9966528 & 0.0022884406\\\\\n",
       "\t 0.0303066248 & 0.9041402 & 0.0655531447\\\\\n",
       "\t 0.0066534139 & 0.9791899 & 0.0141566395\\\\\n",
       "\t 0.0095397057 & 0.9686067 & 0.0218536152\\\\\n",
       "\t 0.0047936707 & 0.9848337 & 0.0103726516\\\\\n",
       "\t 0.0138324677 & 0.9586594 & 0.0275081102\\\\\n",
       "\t 0.0061109530 & 0.9794294 & 0.0144596477\\\\\n",
       "\t 0.0098374722 & 0.9669220 & 0.0232405518\\\\\n",
       "\t 0.0079728860 & 0.9735702 & 0.0184568714\\\\\n",
       "\t 0.0015730850 & 0.9948461 & 0.0035808195\\\\\n",
       "\t 0.0020866549 & 0.9933486 & 0.0045647835\\\\\n",
       "\t 0.0019959185 & 0.9936762 & 0.0043278713\\\\\n",
       "\t 0.0062821417 & 0.9795178 & 0.0142000210\\\\\n",
       "\t ... & ... & ...\\\\\n",
       "\t 0.9704950 & 0.003824347 & 0.02568069\\\\\n",
       "\t 0.2593218 & 0.033636049 & 0.70704212\\\\\n",
       "\t 0.7832431 & 0.041958877 & 0.17479804\\\\\n",
       "\t 0.3813231 & 0.022797874 & 0.59587901\\\\\n",
       "\t 0.9753479 & 0.002912599 & 0.02173954\\\\\n",
       "\t 0.9119633 & 0.012900381 & 0.07513630\\\\\n",
       "\t 0.2711415 & 0.020972708 & 0.70788574\\\\\n",
       "\t 0.3298950 & 0.023086548 & 0.64701848\\\\\n",
       "\t 0.9085953 & 0.008360365 & 0.08304431\\\\\n",
       "\t 0.8908272 & 0.014440992 & 0.09473184\\\\\n",
       "\t 0.8728069 & 0.019777814 & 0.10741526\\\\\n",
       "\t 0.7601425 & 0.050890618 & 0.18896687\\\\\n",
       "\t 0.9061628 & 0.008958446 & 0.08487871\\\\\n",
       "\t 0.4362835 & 0.023387851 & 0.54032862\\\\\n",
       "\t 0.5760140 & 0.031184340 & 0.39280164\\\\\n",
       "\t 0.8396089 & 0.028650708 & 0.13174037\\\\\n",
       "\t 0.8540528 & 0.017226783 & 0.12872039\\\\\n",
       "\t 0.8800749 & 0.009787134 & 0.11013792\\\\\n",
       "\t 0.2282887 & 0.021717580 & 0.74999369\\\\\n",
       "\t 0.9675363 & 0.003490042 & 0.02897362\\\\\n",
       "\t 0.9572457 & 0.005076427 & 0.03767788\\\\\n",
       "\t 0.8550816 & 0.015402981 & 0.12951546\\\\\n",
       "\t 0.3550253 & 0.029294257 & 0.61568040\\\\\n",
       "\t 0.9610445 & 0.005245095 & 0.03371036\\\\\n",
       "\t 0.9271306 & 0.009698302 & 0.06317112\\\\\n",
       "\t 0.8823059 & 0.011264971 & 0.10642908\\\\\n",
       "\t 0.4665685 & 0.025795864 & 0.50763561\\\\\n",
       "\t 0.8313567 & 0.012117972 & 0.15652528\\\\\n",
       "\t 0.7893328 & 0.021583660 & 0.18908352\\\\\n",
       "\t 0.3911930 & 0.026917567 & 0.58188942\\\\\n",
       "\\end{tabular}\n"
      ],
      "text/markdown": [
       "\n",
       "A matrix: 150 × 3 of type dbl\n",
       "\n",
       "| 1 | 2 | 3 |\n",
       "|---|---|---|\n",
       "| 0.0010720472 | 0.9966236 | 0.0023043727 |\n",
       "| 0.0074975446 | 0.9758542 | 0.0166483003 |\n",
       "| 0.0064143186 | 0.9798270 | 0.0137587106 |\n",
       "| 0.0101069937 | 0.9674296 | 0.0224634258 |\n",
       "| 0.0017679405 | 0.9944704 | 0.0037616662 |\n",
       "| 0.0206187321 | 0.9345776 | 0.0448037073 |\n",
       "| 0.0065042444 | 0.9794928 | 0.0140029981 |\n",
       "| 0.0001411974 | 0.9995473 | 0.0003115107 |\n",
       "| 0.0219014194 | 0.9303839 | 0.0477147293 |\n",
       "| 0.0053412560 | 0.9827242 | 0.0119345643 |\n",
       "| 0.0102005498 | 0.9680438 | 0.0217556323 |\n",
       "| 0.0024309018 | 0.9921378 | 0.0054313368 |\n",
       "| 0.0091767188 | 0.9706420 | 0.0201813033 |\n",
       "| 0.0252350383 | 0.9229736 | 0.0517913834 |\n",
       "| 0.0376304616 | 0.8897629 | 0.0726066026 |\n",
       "| 0.0543041227 | 0.8413506 | 0.1043452731 |\n",
       "| 0.0174949771 | 0.9469275 | 0.0355775343 |\n",
       "| 0.0010587846 | 0.9966528 | 0.0022884406 |\n",
       "| 0.0303066248 | 0.9041402 | 0.0655531447 |\n",
       "| 0.0066534139 | 0.9791899 | 0.0141566395 |\n",
       "| 0.0095397057 | 0.9686067 | 0.0218536152 |\n",
       "| 0.0047936707 | 0.9848337 | 0.0103726516 |\n",
       "| 0.0138324677 | 0.9586594 | 0.0275081102 |\n",
       "| 0.0061109530 | 0.9794294 | 0.0144596477 |\n",
       "| 0.0098374722 | 0.9669220 | 0.0232405518 |\n",
       "| 0.0079728860 | 0.9735702 | 0.0184568714 |\n",
       "| 0.0015730850 | 0.9948461 | 0.0035808195 |\n",
       "| 0.0020866549 | 0.9933486 | 0.0045647835 |\n",
       "| 0.0019959185 | 0.9936762 | 0.0043278713 |\n",
       "| 0.0062821417 | 0.9795178 | 0.0142000210 |\n",
       "| ... | ... | ... |\n",
       "| 0.9704950 | 0.003824347 | 0.02568069 |\n",
       "| 0.2593218 | 0.033636049 | 0.70704212 |\n",
       "| 0.7832431 | 0.041958877 | 0.17479804 |\n",
       "| 0.3813231 | 0.022797874 | 0.59587901 |\n",
       "| 0.9753479 | 0.002912599 | 0.02173954 |\n",
       "| 0.9119633 | 0.012900381 | 0.07513630 |\n",
       "| 0.2711415 | 0.020972708 | 0.70788574 |\n",
       "| 0.3298950 | 0.023086548 | 0.64701848 |\n",
       "| 0.9085953 | 0.008360365 | 0.08304431 |\n",
       "| 0.8908272 | 0.014440992 | 0.09473184 |\n",
       "| 0.8728069 | 0.019777814 | 0.10741526 |\n",
       "| 0.7601425 | 0.050890618 | 0.18896687 |\n",
       "| 0.9061628 | 0.008958446 | 0.08487871 |\n",
       "| 0.4362835 | 0.023387851 | 0.54032862 |\n",
       "| 0.5760140 | 0.031184340 | 0.39280164 |\n",
       "| 0.8396089 | 0.028650708 | 0.13174037 |\n",
       "| 0.8540528 | 0.017226783 | 0.12872039 |\n",
       "| 0.8800749 | 0.009787134 | 0.11013792 |\n",
       "| 0.2282887 | 0.021717580 | 0.74999369 |\n",
       "| 0.9675363 | 0.003490042 | 0.02897362 |\n",
       "| 0.9572457 | 0.005076427 | 0.03767788 |\n",
       "| 0.8550816 | 0.015402981 | 0.12951546 |\n",
       "| 0.3550253 | 0.029294257 | 0.61568040 |\n",
       "| 0.9610445 | 0.005245095 | 0.03371036 |\n",
       "| 0.9271306 | 0.009698302 | 0.06317112 |\n",
       "| 0.8823059 | 0.011264971 | 0.10642908 |\n",
       "| 0.4665685 | 0.025795864 | 0.50763561 |\n",
       "| 0.8313567 | 0.012117972 | 0.15652528 |\n",
       "| 0.7893328 | 0.021583660 | 0.18908352 |\n",
       "| 0.3911930 | 0.026917567 | 0.58188942 |\n",
       "\n"
      ],
      "text/plain": [
       "      1            2           3           \n",
       " [1,] 0.0010720472 0.9966236   0.0023043727\n",
       " [2,] 0.0074975446 0.9758542   0.0166483003\n",
       " [3,] 0.0064143186 0.9798270   0.0137587106\n",
       " [4,] 0.0101069937 0.9674296   0.0224634258\n",
       " [5,] 0.0017679405 0.9944704   0.0037616662\n",
       " [6,] 0.0206187321 0.9345776   0.0448037073\n",
       " [7,] 0.0065042444 0.9794928   0.0140029981\n",
       " [8,] 0.0001411974 0.9995473   0.0003115107\n",
       " [9,] 0.0219014194 0.9303839   0.0477147293\n",
       "[10,] 0.0053412560 0.9827242   0.0119345643\n",
       "[11,] 0.0102005498 0.9680438   0.0217556323\n",
       "[12,] 0.0024309018 0.9921378   0.0054313368\n",
       "[13,] 0.0091767188 0.9706420   0.0201813033\n",
       "[14,] 0.0252350383 0.9229736   0.0517913834\n",
       "[15,] 0.0376304616 0.8897629   0.0726066026\n",
       "[16,] 0.0543041227 0.8413506   0.1043452731\n",
       "[17,] 0.0174949771 0.9469275   0.0355775343\n",
       "[18,] 0.0010587846 0.9966528   0.0022884406\n",
       "[19,] 0.0303066248 0.9041402   0.0655531447\n",
       "[20,] 0.0066534139 0.9791899   0.0141566395\n",
       "[21,] 0.0095397057 0.9686067   0.0218536152\n",
       "[22,] 0.0047936707 0.9848337   0.0103726516\n",
       "[23,] 0.0138324677 0.9586594   0.0275081102\n",
       "[24,] 0.0061109530 0.9794294   0.0144596477\n",
       "[25,] 0.0098374722 0.9669220   0.0232405518\n",
       "[26,] 0.0079728860 0.9735702   0.0184568714\n",
       "[27,] 0.0015730850 0.9948461   0.0035808195\n",
       "[28,] 0.0020866549 0.9933486   0.0045647835\n",
       "[29,] 0.0019959185 0.9936762   0.0043278713\n",
       "[30,] 0.0062821417 0.9795178   0.0142000210\n",
       "[31,] ...          ...         ...         \n",
       "[32,] 0.9704950    0.003824347 0.02568069  \n",
       "[33,] 0.2593218    0.033636049 0.70704212  \n",
       "[34,] 0.7832431    0.041958877 0.17479804  \n",
       "[35,] 0.3813231    0.022797874 0.59587901  \n",
       "[36,] 0.9753479    0.002912599 0.02173954  \n",
       "[37,] 0.9119633    0.012900381 0.07513630  \n",
       "[38,] 0.2711415    0.020972708 0.70788574  \n",
       "[39,] 0.3298950    0.023086548 0.64701848  \n",
       "[40,] 0.9085953    0.008360365 0.08304431  \n",
       "[41,] 0.8908272    0.014440992 0.09473184  \n",
       "[42,] 0.8728069    0.019777814 0.10741526  \n",
       "[43,] 0.7601425    0.050890618 0.18896687  \n",
       "[44,] 0.9061628    0.008958446 0.08487871  \n",
       "[45,] 0.4362835    0.023387851 0.54032862  \n",
       "[46,] 0.5760140    0.031184340 0.39280164  \n",
       "[47,] 0.8396089    0.028650708 0.13174037  \n",
       "[48,] 0.8540528    0.017226783 0.12872039  \n",
       "[49,] 0.8800749    0.009787134 0.11013792  \n",
       "[50,] 0.2282887    0.021717580 0.74999369  \n",
       "[51,] 0.9675363    0.003490042 0.02897362  \n",
       "[52,] 0.9572457    0.005076427 0.03767788  \n",
       "[53,] 0.8550816    0.015402981 0.12951546  \n",
       "[54,] 0.3550253    0.029294257 0.61568040  \n",
       "[55,] 0.9610445    0.005245095 0.03371036  \n",
       "[56,] 0.9271306    0.009698302 0.06317112  \n",
       "[57,] 0.8823059    0.011264971 0.10642908  \n",
       "[58,] 0.4665685    0.025795864 0.50763561  \n",
       "[59,] 0.8313567    0.012117972 0.15652528  \n",
       "[60,] 0.7893328    0.021583660 0.18908352  \n",
       "[61,] 0.3911930    0.026917567 0.58188942  "
      ]
     },
     "metadata": {},
     "output_type": "display_data"
    }
   ],
   "source": [
    "cluster = cmeans(iris[,1:4], centers=3)\n",
    "cluster$membership"
   ]
  },
  {
   "cell_type": "code",
   "execution_count": 5,
   "id": "suburban-seafood",
   "metadata": {},
   "outputs": [
    {
     "data": {
      "image/png": "iVBORw0KGgoAAAANSUhEUgAAA0gAAANICAMAAADKOT/pAAAAS1BMVEUAAABNTU1oaGh8fHyA\nACaMjIyampqnp6eysrK9ACa9vb3Hx8fQ0NDZ2dnh4eHjGhzp6enw8PD8Tir9jTz+skz+2Xb/\n7aD//8z////m/FVzAAAACXBIWXMAABJ0AAASdAHeZh94AAAgAElEQVR4nO3dC3NUR5aF0QsM\nGAO28WPa+v+/dHhJ5H1o3NF1Ti66cq+YdncQMRFW1rel0q1bxfYQETfb9L9AxD3IkCIKZEgR\nBTKkiAIZUkSBDCmiQIYUUSBDiiiQIUUUGIb0x3r+XtDP68mQuumoBV01kCF101ELumogQ+qm\noxZ01UCG1E1HLeiqgclD+p/1/GtBf60nQ+qmoxZ01UCG1E1HLeiqgQypm45a0FUDGVI3HbWg\nqwYypG46auF/13MR/Of/2rbCG+QypNXoqoGx9+3pv7aHyltNM6TV6KqBMfft6b8ypDo6akFX\nDZyC31qf2v22Hn2XgaBvMwCOwW8PrT+RdNWAjlrQVQOnIX2WIRXSUQu6auAi+PxEKqWjFnTV\nwPWQ8jtSHR21oKsG6ubybw1JX0ID9BU0QV9CAzKkbjpqQVcNZEjddNSCrhrIkLrpqAVdNZAh\nddNRC7pqIEPqph/hmOIi+MfXZTOkEvoRjinG3r/f/V37KcMZUty9Mff93d8ZUg39CMcUp+C/\nDilv7CujH+GY4hj8tvtVKUO6nX6EY4rTkJ5+GGVINfQjHFNcBJ93yJbSj3BMcT2kfPhJHf0I\nxxR1c8mQrulHOKaYPKQ/16PfGyTob15AhtRNRy3oqoEMqZuOWtBVAxlSNx21oKsGMqRuOmpB\nVw1MHpL+cgH93iBBX0IDLoLP60ildNSCrhoYe8+H6HfQUQu6amDMffjs7wypjI5a0FUDp+Az\npGI6akFXDRyDf3obRX5HKqIf4ZjiNKRvb6OofI9shhR37yL4fGZDKf0IxxTXQ9ryKUJl9CMc\nU5StJUN6hn6EY4oMqZt+hGOKDKmbfoRjigypm36EY4oMqZt+hGOKyUP6az36LgNBf/MCTsF/\nez226e5vXTWgoxZ01cDY++MrsVvf3d+6akBHLeiqgTH3bfe/MqQaOmpBVw2cg299P5KuGtBR\nC7pq4Cr46r+OYu2rdjpqQV9CA54Z0kPTTyRdNaCjFnTVwDH45osNumpARy3oqoFT8L2Xv3XV\ngI5a0FUDdXPJkK7pqAVdNZAhddNRC7pqIEPqpqMWdNVAhtRNRy3oqoEMqZuOWtBVAxlSNx21\noKsGMqRuOmpBVw2cgs/rSMV01IKuGhh7z50NHXTUgq4aGHPfTv8rQ7qdjlrQVQPn4Lfqm78z\npOXoqoGr4Buf2v28Hv3XUAp/rCdD6qajFnTVwDH45osNumpARy3oqoFT8L2Xv3XVgI5a0FUD\ndXPJkK7pqAVdNTB5SPrLBXTUgv7mBWRI3XTUgq4ayJC66agFXTWQIXXTUQu6aiBD6qajFnTV\nwOQh6ft1AH27jqDv1wFOwedtFMV01IKuGhh7z9soOuioBV01MOaejyzuoKMWdNXAOfht+/7P\nDOl2OmpBVw1cBZ+fSJV01IKuGsiQuumoBV01cAw+Fxuq6agFXTVwCj6Xv4vpqAVdNVA3lwzp\nmo5a0FUDGVI3HbWgqwYypG46akFXDWRI3XTUgq4ayJC66agFXTWQIXXTUQu6auAUfC5/F9NR\nC7pqYOw9L8h20FELumpgzH3CJ63qqgEdtaCrBs7Bf/kQ/QypjI5a0FUDV8HnJ1IlHbWgqwYy\npG46akFXDRyDz8WGajpqQVcNnILP5e9iOmpBVw3UzSVDuqajFnTVwOQh/bke/WGNgv7mBWRI\n3XTUgq4ayJC66agFXTWQIXXTUQu6aiBD6qajFnTVwOQh/bUeHbWgqwZOwX95BWnbKl9IypBW\no6sGxt6/39nwUHljQ4a0HF01MOa++6TVDKmIjlrQVQNXwdfeaZchrUdXDVwEX/0DafFbhPS9\nKzHFOfjyHWVIcf9OwVf/VRQZUqzgGPy3C98ZUhn9CMcUlYPJkK7oRzimyJC66Uc4psiQuulH\nOKbIkLrpRzimyJC66Uc4ppg8pD/Wo+8yEPQ3L+AU/ONt3z332umqAR21oKsGxt7Hu7+bPo5L\nVw3oqAVdNTDmPty0uuUnUhUdtaCrBq6Cz5Aq6agFXTVwEfz2+H8NQ9JfLqA/rFHQl9CAc/DD\nHXcZUgEdtaCrBk7Bb+f6M6Rb6KgFXTVwDP7pZ1GGVERHLeiqgbq5ZEjXdNSCrhqYPCT9AQqA\njlrQ37yADKmbjlrQVQMZUjcdtaCrBjKkbjpqQVcNZEjddNSCrhqYPCT95QL6clJMcQq+/mWk\nDCnu39j78DaKyndRZEhx/8bct+F/ZUhV9CMcU1wF3/gh+rpqQD/CMcVF8J2/I+lLaIC+gibo\nb17AOfj6D//OkFajqwZOwW+n+DOkm+ioBV01cAz+8W0UGVIVHbWgqwYK95IhXdJRC7pqYPKQ\n9JcL6KgF/c0LyJC66agFXTWQIXXTUQu6aiBD6qajFnTVQIbUTUct6KqBDKmbjlrQ9+sA5+B3\nfydFhnQzHbWgqwbG3renf9a+JJshrUZXDYy5b8M/M6QqOmpBVw2cg89Tu1o6akFXDVwPKT+R\n6uioBV01kCF101ELumogQ+qmoxZ01cD1kPI7Uh0dtaCrBurmkiFd01ELumogQ+qmoxZ01UCG\n1E1HLeiqgQypm45a0FUDGVI3HbWgqwYmD+nn9fy9oN/Wcw7+8fJ3y+tIumpARy3oqoGx9234\nZ9mKMqQF6aqBMff93d8ZUg0dtaCrBs7BP35MZIZUQ0ct6KqB6yEd8q8b0p/r0VEL+kopkCF1\n01ELumrgekhtd3/rqgEdtaCrBq6H1Hb3t64a0FELumqgbi4Z0jUdtaCrBiYPSX+5gL53JabI\nkLrpRzimyJC66Uc4psiQuulHOKbIkLrpRzimyJC66fcGCfqvhgDOwedThGrpqAVdNTD2ng/R\n76CjFnTVwJj797dRHPLPkG6goxZ01cA5+Ayplo5a0FUDzw4pvyMV0VELumrguSFVvkc2Q1qN\nrhp4Zkhdn9mgqwZ01IKuGrge0tb1KUK6akBHLeiqgbK1ZEjP0FELumogQ+qmoxb0/TpAhtRN\nRy3oqoEMqZuOWtBVAxlSNx21oKsGMqRuOmpBVw2cgv963Tt3f5fRUQu6amDs/ft937n7u46O\nWtBVA2PuGVIHHbWgqwaOwWdI1XTUgq4auB5S2180pqsGdNSCrhp4ZkgP+YlURUct6KqB6yHl\nqV0dHbWgqwZOwefydzEdtaCrBurmkiFd01ELumpg8pD0lwvoqAX9zQvIkLrpqAVdNZAhddNR\nC7pqIEPqpqMWdNVAhtRNRy3oqoHJQ9JfLqCjFvQ3L+AUfF5HKqajFnTVwNh77mzooKMWdNXA\nmPt+SHUypNXoqoFj8N+GlKd2ZXTUgq4aeGZID3lqV0U/wjFFhtRNP8IxRYbUTT/CMcUp+Fz+\nLqYf4Ziibi4Z0jX9CMcUGVI3fQVN0FUDGVI3HbWgqwYypG46akFXDWRI3XTUgq4ayJC66agF\nXTWQIXXTj3BMcQo+ryMV049wTDH2njsbOuhHOKYYc89HFnfQj3BMcQz+6T89T+3+XM/fC9Lf\nvIDnhtT0E0lXDeioBV01kCF101ELumrgekhtFxt01YCOWtBVA6fgey9/66oBHbWgqwbq5vJv\nDUl/uYC+y0DQl9CADKmbjlrQVQMZUjcdtaCrBjKkbjpqQVcNZEjddNSCrhqYPCT95cYU+psX\ncAq+9/K3foRjCl01MPY+4QVZ/QjHFLpqYMw9Q4oaumrgGHyGFLfTVQOTh6TvXQH0LUqCrhrI\nkLrpqAVdNZAhddNRC7pq4BR87+VvXTWgoxZ01UDdXDKkazpqQVcNTB6SvpwUU+iqgQwp6umq\ngQwp6umqgQwp6umqgQwp6umqgQwp6umqgbH3z68dbVvpS0gZ0pJ01cA+9+3QfYYU/wldNZAh\nRT1dNXAeUvmOMqTl6KqBsfdty5Cigq4aOCVfv6MMaTm6amCfe4YUFXTVwNh70zO7DGk5umqg\nfjYZUuiqgQwp6umqgQwp6umqgQwp6umqgQwp6umqgclD0n9NAvDXgnTVwNj7Vv3XmWdI/8qQ\nFrHP/esncWVIlXTUgq4aOA1py0+kWjpqQVcNZEjddNSCrhoYe//8S1LH3Xa5arcaXTVwTD5v\nNY/b6aqBfe55h2xU0FUDY+8TLn/rRzim0FUD1aPJkCJDypCihK4ayJCinq4ayJCinq4ayJCi\nnq4ayJCinq4ayJCinq4aGHvfel6PzZCWo6sG9rlvHe+iyJCWo6sGjkNquPk7Q1qOrho4DilP\n7eJ2umpg7D0foh81dNXAOfkMKW6lqwbOI8qQ4la6amDsPZe/o4auGihfTYYUGVKGFBV01UCG\nFPV01UCGFPV01UCGFPV01UCGFPV01UCG1E1/0qugqwbG3r/eIdT6Ifq6akBHLeiqgX3uW8u9\nDRnSanTVQIbUTUct6KqBsfcJT+3+WM/fC/p5Pfvc238i6aoBHbWgqwYypG46akFXDWRI3XTU\ngq4aGHvP70gddNSCrhqoHs0/DElfQgP0FTRBX0IDMqRuOmpBVw1kSN101IKuGsiQuumoBV01\nkCF101ELumogQ4p6umpg7P3x8nfutYvb6KqBfe5bx6dxZUjL0VUDxyE17ChDWo6uGhh737aW\nZ3YZ0nJ01cA+9+0YfvWQ/lyPvl1H0FUDGVI3HbWgqwaOQ2q++1tXDeioBV01MPY+4e5vXTWg\noxZ01UD1aDKkIx21oKsGJg9JX06KKXTVQIYU9XTVQIYU9XTVQIYU9XTVQIYU9XTVQIYU9XTV\nwNh7PkQ/auiqgX3u+ezvqKCrBo5DOoSfIcV/QFcNjL0/PqnLkOI2umpgn/vWsaMMaTm6auA8\npPr3yGZIq9FVA6ch5TMb4ma6amDs/fGt5vkdKW6jqwaKN5Mhxf9mSBlSlNBVAxlS1NNVAxlS\n1NNVAxlS1NNVAxlS1NNVA0Pu2+P17wwpbqOrBo7F5+7vuJ2uGsiQop6uGjgGnyHF7XTVwCn4\n3luE9JcL6A9rFPSHcgJXvWdIlXTUgq4aOPbe/NROVw3oqAVdNXDqvffyt64a0FELumqgejQZ\n0pGOWtBVA5OH9Nt6dNTCz+vJkLrpqAVdNZAhddNRC7pqIEPqpqMWdNVAhtRNRy3oqoHJQ/pr\nPf9akL5SCgy5z3gbha4a0FELumrgWHzznQ26akBHLeiqgashVcuQVqOrBo7BN9z8nSEtR1cN\nnIb00PrUTr9RBtBRC7pq4Nh7hlRNRy3oqoEMqZuOWtBVA6fe8ylCxXTUgq4aqB5NhnSkoxZ0\n1UCG1E1HLeiqgQypm45a0FUDGVI3HbWgqwYypG46akFXDWRI3XTUgq4amDwkfb8OoN8bJOiq\ngSH3vI2ihY5a0FUDx+LzNopqOmpBVw1cFZ8hVdJRC7pq4Bx8bhGKW+mqgavgc9Nq3EZXDVz1\nniHFbXTVwLH3vI0ibqerBk69520UcTNdNVA9mn8Ykr6EBui7DARdNZAhddNRC7pqIEPqpqMW\ndNVAhtRNRy3oqoEMqZuOWtBVA5OHpC8nxRS6amDIfcbd3/oRjil01cCx+LwgG7fTVQMZUtTT\nVQPH4DOkuJ2uGsiQuukraIKuGjj2niFV01ELumogQ+qmoxZ01cCp91z+LqajFnTVQPVoMqQj\nHbWgqwYypKinqwYypKinqwYypKinqwYypKinqwYypKinqwYypKinqwbG3r+9i6L8haQMaTW6\namCf+3boPkOK/4SuGrjIPUOKG+mqgSH3b8/pyneUIS1HVw3sc++4ZTUffrIeXTVwGlL9jjKk\n5eiqgQypm45a0FUDY+9bzzO7DGk5umqgfjYZ0p6OWtBVA5OHpC8nxRS6aiBDinq6aiBDinq6\naiBDinq6aiBD6qZ/8Rd01cDY+7fbvnOvXSkdtaCrBva5f/lPhlRKRy3oqoFT7lt+ItXSUQu6\namDI/fHOhgyplI5a0FUD+9y3lrvt1h7SinTVwGlIeat53ExXDRyH9JCfSHEzXTUw9p7L31FD\nVw1UjyZDigwpQ4oSumogQ4p6umogQ4p6umogQ4p6umogQ4p6umpg8pD0vSuAjlrQVQNj7xM+\naVVXDeioBV01sM9963gXRYa0HF01cMy94ebvDGk5umpgyD1P7VroqAVdNbDPvf1D9PUjHFPo\nqoEMKerpqoEMKerpqoGx9/xFY1FDVw2UryZDigypfUj6r4YA9FVDQVcNZEjddNSCrhrIkLrp\nqAVdNZAhddNRC7pqIEPqpqMWdNXA5CHpRxjQQxZ01cDY+5cXkuo/HzJDWo6uGjj23nFvQ4a0\nGl01cMw9Q6qmoxZ01cCQ+7e/jaL1qd2f6/l7Qbpq4Jh8808kXTWgoxZ01UCG1E1HLeiqgX3u\nGVI9HbWgqwbG3vM7UgcdtaCrBqpH8w9D0vf3xxS6aiBDinq6aiBDinq6aiBDinq6aiBDinq6\namDykPS9K4C+RUnQVQNj7493fze+jqSrBnTUgq4aOPVe/2lcGdJydNXAhB1lSMvRVQND7l3P\n7DKk5eiqgavkG39H0peTYgpdNZAhRT1dNbDPvf3ub/0IxxS6amDsfcLd3/oRjil01UD1aDKk\nyJD6h6S/XEC/N0jQ7wEDMqRuOmpBVw1kSN101IKuGsiQuumoBV01kCF101ELumpg8pD0/TqA\nvl1H0N+8gLH3CR+ir6sGdNSCrho49t58Z4OuGtBRC7pq4Cr3DKmSjlrQVQND7k9P6jKkSjpq\nQVcNXCTf+TvSz+vRV9CE39ZzTr7+PbIZ0mp01cBpRL2f2aCrBnTUgq4aGHt/fKt54+9IumpA\nRy3oqoHizWRIJzpqQVcNTB6SfqMMoC8nCfrMgQypm45a0GcOZEjddNSCPnMgQ+qmoxb0mQMZ\nUjcdtaDPHDgVn08RKqajFvSZA7vgt/a7v/WXC+ioBX3mwK73DKmBjlrQZw5kSN101II+c2CX\n+7ffkTKkSjpqQZ85MOT+NKEMqZKOWtBnDhyLz1O7ajpqQZ85cCo+l7+L6agFfeZA9WgypCMd\ntaDPHMiQuumoBX3mQIbUTUct6DMHMqRuOmpBnzmQIXXTUQv6zIEMqZuOWtBnDmRI3XTUgj5z\n4FR8XkcqpqMW9JkDu+BzZ0MDHbWgzxzY9d7z+ZAZ0nL0mQOnIeWpXTEdtaDPHNjlnqd2DXTU\ngj5zYMj9yw+jDKmajlrQZw4ci8+QqumoBX3mwKn4/I5UTEct6DMHqkeTIR3pqAV95kCG1E1H\nLegzBzKkbjpqQZ85kCF101EL+syBDKmbjlrQZw5kSN101II+cyBD6qajFvSZA6fi8zpSMR21\noM8c2AWfOxsa6KgFfebArvftFH6GdDMdtaDPHDgPKU/taumoBX3mwC73/ERqoKMW9JkDQ+75\n2yha6KgFfebAsfhcbKimoxb0mQOn4nP5u5iOWtBnDlSPJkM60lEL+syBDKmbjlrQZw5kSN10\n1II+cyBD6qajFvSZAxlSNx21oM8cyJC66agFfebAqfhc/i6moxb0mQO74POCbAMdtaDPHNj1\nniE10FEL+syBDKmbjlrQZw7scs+QGuioBX3mwJB7PkS/hY5a0GcOHIvPkKrpqAV95sCp+Fz+\nLqajFvSZA9WjyZCOdNSCPnMgQ+qmoxb0mQMZUjcdtaDPHMiQuumoBX3mQIbUTUct6DMHMqRu\nOmpBnzmQIXXTUQv6zIGx9y93f2/1LyRlSKvRZw7sc98O3WdIt9NRC/rMgYvkM6RSOmpBnzmw\nC75nRxnScvSZA+fkM6RaOmpBnzlwSr5+RxnScvSZA/vcM6R6OmpBnzkw9r71PLPLkJajzxyo\nn02GtKejFvSZAxlSNx21oM8cyJC66agFfeZAhtRNRy3oMwcypG46akGfOZAhddNRC/rMgbH3\npr/UPENajj5zYJ/718/jypAq6agFfebAKfktP5Fq6agFfebALvivP5QypFI6akGfOXBMvuNu\nuwxpNfrMgdOQ8lbzYjpqQZ85sM8975Ctp6MW9JkDY++5/N1BRy3oMweqR5MhHemoBX3mQIbU\nTUct6DMHMqRuOmpBnzmQIXXTUQv6zIEMqZuOWtBnDmRI3XTUgj5zIEPqpqMW9JkDY+/5pNUO\nOmpBnzmwz33reBdFhrQcfebAMfmGm78zpOXoMwd2weepXQMdtaDPHDgnnyHV0lEL+syBDKmb\njlrQZw6cR5Qh1dJRC/rMgbH3/I7UQUct6DMHyleTIR3oqAV95kCG1E1HLegzBzKkbjpqQZ85\nkCF101EL+syBDKmbjlrQZw5kSN101II+cyBD6qajFvSZA2PvXz+yOB+iX0tHLegzB/a5by33\nNmRIq9FnDhyTz5Cq6agFfebAKfk8tSumoxb0mQOnHT3kJ1ItHbWgzxw4Bp8hVdNRC/rMgWPv\nGVI1HbWgzxwYcv/6NyPld6RiOmpBnzlQPZoM6UhHLegzBzKkbjpqQZ85kCF101EL+syBDKmb\njlrQZw5kSN101II+cyBD6qajFvSZA2Pvj3d/53WkSjpqQZ85sM996/g0rgxpOfrMgWPyDTvK\nkJajzxw4DSl3NhTTUQv6zIGr4vM7UiUdtaDPHLgKPkOqpKMW9JkDx95z93c1HbWgzxwYcs/d\n3y101II+c6B6NBnSkY5a0GcOZEjddNSCPnMgQ+qmoxb0mQMZUjcdtaDPHMiQuumoBX3mQIbU\nTUct6DMHMqRuOmpBnzkw9p4P0e+goxb0mQP73PPZ3/V01II+c+Aq+Qypko5a0GcOZEjddNSC\nPnNgwo4ypOXoMwcm7ChDWo4+c2DCjjKk5egzB4bcv7yNYsunCBXTUQv6zIHizWRIJzpqQZ85\nkCF101EL+syBDKmbjlrQZw5kSN101II+cyBD6qajFvSZAxlSNx21oM8cOAWfu7+L6agFfebA\n2Pvjnd95HamSjlrQZw6MuWdIHXTUgj5z4Bh8hlRNRy3oMwdOwecWoWI6akGfOXAVfIZUSUct\n6DMHjsHnqV01HbWgzxw4BZ/L38V01II+c6B6NBnSkY5a0GcOZEjddNSCPnMgQ+qmoxb0mQMZ\nUjcdtaDPHMiQuumoBX3mQIbUTUct6DMHMqRuOmpBnzlwCj6vIxXTUQv6zIGx99zZ0EFHLegz\nB8bcO0aUIemoBX3mwDH4hpu/M6Tl6DMHTkN6yFO7WjpqQZ85kCF101EL+syBDKmbjlrQZw6c\ngs/vSMV01II+c6B6NBnSkY5a0GcOZEjddNSCPnMgQ+qmoxb0mQMZUjcdtaDPHMiQuumoBX3m\nQIbUTUct6DMHMqRuOmpBnzlwCj6vIxXTUQv6zIGx99zZ0EFHLegzB8bc85HFHXTUgj5z4Bx8\nntrV0lEL+syBq+DzE6mSjlrQZw5kSN101II+c+AYfC42VNNRC/rMgVPwufxdTEct6DMHqkeT\nIR3pqAV95kCG1E1HLegzBzKkbjpqQZ85kCF101EL+syBDKmbjlrQZw5kSN101II+c+AUfC5/\nF9NRC/rMgbH3vCDbQUct6DMHxtwzpA46akGfOXAMPkOqpqMW9JkDGVI3HbWgzxzIkLrpqAV9\n5kCG1E1HLegzB07B5/J3MR21oM8cqB5NhnSkoxb0mQMZUjcdtaDPHMiQuumoBX3mQIbUTUct\n6DMHMqRuOmpBnzmQIXXTUQv6zIEMqZuOWtBnDgy5bw0vIWVIGdIanis+Q6qioxb0mQMZUjcd\ntaDPHJiwowxpOfrMgQypm45a0GcOTNhRhrQcfeZAhtRNRy3oMwcypG46akGfOdA1ngzpkY5a\n0GcOZEjddNSCPnMgQ+qmoxb0mQMZUjcdtaDPHMiQuumoBX3mQIbUTUct6DMHnis+Q6qioxb0\nmQO74DOkBjpqQZ85sOs9Q2qgoxb0mQMZUjcdtaDPHNjlniE10FEL+syBIfe81byFjlrQZw48\nV3yGVEVHLegzBzKkbjpqQZ850DOdDOk7HbWgzxzIkLrpqAV95kCG1E1HLegzBzKkbjpqQZ85\nkCF101EL+syBDKmbjlrQZw5kSN101II+c+CZ4DOkMjpqQZ85MPaeIXXQUQv6zIEx9wypg45a\n0GcOPBN8hlRGRy3oMwcmDyni/mVIEQUypIgCGVLEDyxDiiiQIUUUyJAiCmRIEQUypIgCGVJE\ngQwpokCGFFEgQ5rrw5sX2/b6/e7Puj5F98fz/vWnr/XV29/1v0eDVR7CH8Tr7asXvwx/eN9D\n+v3ty2178+un//Xx5eNX//4f/7/+69zzQ/jjebU9+en7n971kD68+Pr1vn14eHH51d+JO34I\nfzxvPiX05uPDwy+vdy3d85B+fdrO+3effhS9+/3bV393P5Pu9yH88Xz8HtDn79OvH//8nof0\n6dncq1++fL0vXm4vPn79ww+fJmX/teqxh3B7nvpX6vZ2GM/HF99/Jt3xl/w0mc/fRLYPj3/8\n5v5+JGVI87weUhqXdMdf8punL/mnbXv59Me/DN9S7gR7CH99udyQPn1pw4Xfz0t6+/jn6N+o\n3YunL/nX3Xbu70uGX8+r8Yf9Cg71fF7Sh4s/vyfDl5Yhtfm0pMdfP5dwrOfzkj5e/PkdyZCm\neHl/T5X/Py92T+0enn4Vv7+qnrz8+q3is3fv3jz98cdte2X+hdrQh/DXtZ7cvT59tW+/BHXH\nQ/rp+rXXnx5/Pbwf9iF8O17KuXvvzz+AX38u6o6H9Plb5fnZ+/vt+LP5vx9+CF+s9CPp94tX\n9D899/lwx0P6cnPhu91ofv/wcru/H0h6SO+W+i3p3bdbhAYfX9z1Ff9vtxeOf5B77eJmP51X\n83VJ6N9nhjfnIb14p/5l+tzzQ/gDendezcdX9z2kh19/2v0evL1+f2+/H3121w/hD+j3969P\nR/7hVR6F/3p5CCMKZEgRBTKkiAIZUkSBDCmiQIYUUSBDiiiQIUUUyJAiCmRIEQUypIgCGVJE\ngQwpokCGFFEgQ4ookCFFFMiQIgpkSBEFMqSIAhlSRIEMKaJAhhRRIEOKKJAhRRTIkCIKZEgR\nBTKkiAIZUkSBDCmiQIYUUSBDiiiQIUUUyN4LX58AAACZSURBVJAiCmRIEQUypIgCGVJEgQwp\nokCGFFEgQ4ookCFFFMiQIgpkSBEFMqSIAhlSRIEMKaJAhhRRIEOKKJAhRRTIkCIKZEgRBTKk\niAIZUkSBDCmiQIYUUSBDiiiQIUUUyJAiCmRIEQUypIgCGVJEgQwpokCGFFEgQ4ookCFFFMiQ\nIgpkSBEFMqSIAhlSRIEMKaJAhhRR4P8AtZgWr1kup/gAAAAASUVORK5CYII=",
      "text/plain": [
       "plot without title"
      ]
     },
     "metadata": {
      "image/png": {
       "height": 420,
       "width": 420
      }
     },
     "output_type": "display_data"
    }
   ],
   "source": [
    "heatmap(cluster$membership, Colv=NA, Rowv=NA, col=brewer.pal(n=9, name='YlOrRd'))"
   ]
  },
  {
   "cell_type": "markdown",
   "id": "sunrise-agreement",
   "metadata": {},
   "source": [
    "## Matriz de confusão"
   ]
  },
  {
   "cell_type": "code",
   "execution_count": 6,
   "id": "biological-routine",
   "metadata": {},
   "outputs": [
    {
     "data": {
      "text/plain": [
       "            \n",
       "              1  2  3\n",
       "  setosa      0 50  0\n",
       "  versicolor  3  0 47\n",
       "  virginica  37  0 13"
      ]
     },
     "metadata": {},
     "output_type": "display_data"
    }
   ],
   "source": [
    "table(iris$Species, cluster$cluster)"
   ]
  },
  {
   "cell_type": "code",
   "execution_count": 7,
   "id": "communist-merchandise",
   "metadata": {},
   "outputs": [
    {
     "data": {
